1111111111111111111111111111111111111111
1              112211                  1
1                                      1
1       3      1112222111        3     1
1                                      1
1                                      1
1                                      1
1                                      1
1                                      1
1                                      1
1               11111111               1
1        3      12222221         3     1
1               11111111               1
1                                      1
1                                      1
1                                      1
1                   3                  1
1                                      1
1       222                  222       1
1       222     11222211     222       1
1                                      1
1                                      1
1                                      1
1                                      1
1111111111111111111111111111111111111111